phi=0.94;
sig=40000;
alpha=1.06000;
LCV=0.5600E-04;
LCT=1.1200E-04;
rho_1=130.000;
young=0.44000E+07;
nu=0.00000E+00;
eta=0.1;