phi=0.94;
sig=100000;
alpha=1.6000;
LCV=0.56000E-04;
LCT=0.11200E-03;
rho_1=130.000;
young=0.44000E+07;
poisson=0.30000E+00;
eta=0.1;