phi=0.99;
sig=11000;
alpha=1.02000;
LCV=1.8000E-04;
LCT=0.2400E-03;
rho_1=130.000;
young=0.44000E+07;
poisson=0.00000E+00;
eta=0.1;