phi=0.96;
sig=10600;
alpha=1.00;
LCV=169.0E-06;
LCT=3*LCV;
rho_1=6.1000;
young=56544E+00;
nu=0.24000E+00;
eta=0.05;