phi=0.95;
sig=42000;
alpha=1.100;
LCV=1.50E-05;
LCT=4.500E-05;
rho_1=126.000;
young=694400E+00;
nu=0.24000E+00;
eta=0.05;