phi=0.95;
sig=42000;
alpha=1.1000;
LCV=15.00E-06;
LCT=45.00E-06;
rho_1=126.000;
young=694400E+00;
nu=0.24000E+00;
eta=0.05;